0.8977272727272727
104
-51
1.6271186440677967
144
123
168
-27
147
-40
23
2030
52
151
44
5332
-52
1122
5.466666666666667
1.3448275862068966
100
252
117
48
44
1.4444444444444444
21.5
111
-38
851
61
2070
1581
0.13157894736842105
-12
3776
-6
22
0.6868686868686869
1.1111111111111112
4760
43
18
3526
0.20634920634920634
33
37
0.550561797752809
7.0
-42
-5
44
37
8148
0.6436781609195402
1.25
3185
420
96
-5
0.2972972972972973
91
1.0714285714285714
97
432
121
37
165
0.6617647058823529
175
2.0
0.5365853658536586
49
0.75
113
640
4964
2001
71
96
35
23.666666666666668
3.3333333333333335
1065
162
4264
45
155
52
110
0.7241379310344828
152
448
92
72
-40
-14
1.3725490196078431
51.0
132
