71
32
94
100
59
16
19
78
99
77
56
95
9
63
43
75
57
89
26
100
55
50
52
38
67
85
14
6
46
9
96
1
34
71
69
10
12
58
72
87
80
52
74
99
41
57
96
15
89
34
73
88
94
45
40
6
66
56
34
70
62
59
93
96
95
63
41
98
85
26
34
70
16
44
61
92
91
99
63
97
32
37
12
14
22
49
82
14
17
4
57
24
10
45
58
98
48
95
74
85
100
92
75
72
31
88
65
35
66
23
39
77
30
80
74
39
97
94
13
67
28
43
69
24
91
12
58
74
60
25
92
54
18
17
17
76
81
60
97
21
14
97
75
75
23
76
28
94
33
22
86
2
85
63
15
79
75
24
70
63
94
10
6
27
75
73
58
99
70
60
32
73
42
68
83
75
15
4
62
92
32
24
81
42
86
88
75
61
91
58
41
13
17
47
8
40
60
32
97
16
25
66
40
14
18
3
31
59
32
91
86
97
53
32
51
25
41
37
82
81
81
80
9
48
100
38
54
89
30
5
43
86
34
28
31
10
29
32
8
39
87
84
6
34
76
81
12
43
94
20
42
32
44
49
17
92
38
78
1
83
96
10
77
41
43
39
58
100
44
13
30
98
56
99
75
24
20
14
10
62
77
99
22
31
8
30
52
97
68
4
9
36
39
51
29
62
52
35
30
65
53
40
77
70
63
96
71
4
68
83
2
61
33
41
15
82
27
7
34
36
8
21
86
18
13
19
50
72
9
96
63
50
81
64
73
40
79
64
45
44
81
69
99
28
64
16
93
35
82
24
53
36
48
14
39
25
58
30
23
12
53
15
31
80
2
63
61
19
48
22
85
5
36
80
88
45
63
67
41
24
89
67
57
14
89
51
82
69
48
29
68
3
14
76
17
20
51
7
46
40
76
3
75
47
28
16
17
62
81
23
78
16
94
54
84
38
86
35
9
51
25
54
42
26
65
17
97
63
49
12
11
81
45
53
82
96
66
64
43
73
58
98
51
1
81
28
70
85
20
17
55
28
88
35
25
55
14
63
45
54
93
97
50
84
81
79
56
35
6
62
24
8
80
91
76
96
89
12
21
18
98
30
67
44
73
34
68
12
93
82
39
64
22
31
28
24
58
30
83
44
13
46
69
74
56
10
48
30
39
47
91
33
94
37
86
84
44
70
71
47
56
36
51
5
13
34
48
28
70
22
91
86
54
41
84
58
32
4
87
33
100
73
56
8
81
71
63
78
85
54
49
68
70
28
76
98
21
75
57
81
84
90
32
88
58
36
69
20
17
50
46
49
8
42
12
13
4
100
4
26
45
17
31
25
76
12
19
23
87
25
42
91
65
95
40
92
84
29
68
67
10
49
94
63
31
82
12
43
41
77
26
93
15
90
39
38
19
38
56
84
43
51
56
45
5
8
79
19
94
46
80
22
15
2
35
30
97
15
91
67
53
80
34
89
37
5
58
84
95
72
82
74
87
17
55
89
8
75
44
48
9
53
35
23
92
28
15
22
39
64
28
77
89
5
90
92
23
35
78
77
53
87
23
8
53
87
68
67
11
34
63
23
25
63
86
12
88
48
49
55
28
79
76
3
53
14
63
34
31
49
95
85
92
43
13
17
99
67
28
59
73
61
33
25
89
5
31
59
92
62
27
36
61
59
86
85
88
22
7
51
32
93
17
29
37
25
48
6
40
82
32
73
57
32
37
6
30
11
88
86
63
57
60
71
63
8
12
93
40
21
50
52
15
21
48
2
92
29
57
76
55
12
57
19
87
48
99
70
53
4
98
3
96
7
1
45
13
38
58
13
18
17
94
82
95
19
42
8
60
30
23
11
46
14
27
53
65
77
79
51
65
8
55
1
78
26
58
86
87
42
34
80
35
23
56
18
31
36
67
86
59
4
70
14
33
5
25
62
7
73
63
59
29
27
64
5
59
33
9
97
41
60
7
13
83
46
73
68
22
86
74
65
46
86
97
52
82
53
63
5
25
9
13
52
20
2
74
63
64
14
46
91
65
58
18
80
7
84
92
91
63
99
50
11
20
56
96
96
20
12
49
93
98
17
21
45
35
59
74
83
2
79
91
87
82
5
32
78
10
16
75
57
76
46
91
68
80
53
56
59
81
25
97
66
31
2
80
44
55
28
44
24
3
55
3
42
37
44
60
25
11
65
92
13
43
27
80
79
41
56
2
52
52
56
62
14
7
8
16
89
68
96
58
65
41
97
2
46
25
88
26
30
96
50
30
19
39
73
45
82
